"Sex" "Fat" "StorageTime" "Year"
"F" 2.78 1579 2012
"F" 5.916 1567 2012
"F" 8.865 4 2012
"F" 95.155 403 2012
"F" 48.737 19 2012
"M" 7.247 9 2012
"M" 13.53 3 2012
"M" 7.69 500 2012
"M" 2.948 34 2012
"F" 1.931 1847 2012
"F" 2.8 10 2012
"M" 6 9 2012
"F" 8.121 54 2012
"M" 1.789 63 2012
"F" 6.014 5 2015
"F" 8.955 528 2015
"F" 2.306 24 2015
"M" 2.884 126 2015
"M" 1.317 12 2015
"M" 3.333 12 2015
"M" 0.754 59 2015
"M" 5.067 122 2015
"F" 3.131 43 2015
"M" 10.751 43 2015
"M" 5.798 62 2015
"M" 0.318 60 2015
"F" 1.549 25 2015
"F" 0.796 119 2015
"M" 1.335 345 2015
"F" 25.04 345 2015
"M" 2.962 27 2015
"M" 1.06 733 2015
"M" 1.443 337 2015
"M" 1.232 484 2015
"M" 6.144 140 2015
"M" 1.021 338 2015
"M" 0.5863 16 2015
"M" 0.386 332 2015
"M" 0.357 35 2015
"M" 0.575 16 2015
"M" 0.267 35 2015
"M" 0.31 35 2015
"F" 0.31 23 2015
"M" 1.69 331 2015
"F" 1.884 159 2015
"F" 11.932 203 2015
"F" 7.461 99 2015
"M" 29.176 42 2015
"F" 0.661 4 2015
"M" 0.454 476 2015
"F" 3.187 476 2015
"F" 4.017 17 2015
"F" 5.485 326 2015
"F" 1.257 7 2015
"M" 0.415 7 2015
"M" 1.533 176 2015
"M" 4.096 176 2015
"F" 0.621 209 2015
"F" 0.539 40 2015
"F" 1.447 328 2015
"M" 5.26 144 2015
"M" 0.384 9 2015
"M" 3.989 118 2015
"F" 0.531 16 2015
"M" 2.938 174 2015
"M" 0.641 174 2015
"M" 2.252 75 2015
"F" 1.621 313 2015
"F" 2.363 116 2015
"F" 6.393 125 2015
"M" 0.775 130 2015
"F" 61.462 732 2015
"M" 0.56 163 2015
"M" 0.282 308 2015
"F" 2.227 334 2015
"F" 3.144 155 2015
"F" 0.97 334 2015
"M" 2.176 523 2015
"F" 21.838 125 2015
"F" 1.323 96 2015
"F" 2.018 108 2015
"F" 0.454 136 2015
"F" 4.982 23 2015
"M" 1.61 327 2015
"F" 2.48 327 2015
"F" 3.533 295 2015
"M" 1.568 309 2015
"M" 0.95 326 2015
"F" 3.893 161 2015
"F" 4.437 161 2015
"F" 3.845 326 2015
"M" 6.424 685 2015
"F" 0.155 2 2015
"M" 2.348 322 2015
"F" 8.695 2 2015
"F" 7.701 2 2015
"F" 1.695 2 2015
"F" 4.037 315 2015
"M" 13.425 315 2015
"M" 5.154 8 2015
"M" 3.444 311 2015
"F" 1.254 308 2015
"M" 2.58 440 2015
"F" 4.729 755 2015
"F" 2.359 263 2015
"F" 13.494 101 2015
"F" 4.782 300 2015
"M" 1.265 299 2015
"M" 4.493 299 2015
"M" 7.852 299 2015
"F" 35.587 670 2015
"F" 24.516 691 2015
"M" 26.182 90 2015
"F" 0.378 279 2015
"F" 18.206 292 2015
"F" 0.305 35 2015
"F" 0.52 249 2015
"F" 20.775 40 2015
"F" 9.883 249 2015
"M" 77.748 81 2015
"M" 18.763 40 2015
"F" 1.612 28 2015
"F" 5.192 28 2015
"M" 47.63 145 2015
"F" 0.491 40 2015
"M" 0.205 40 2015
"M" 0.952 36 2015
"M" 1.315 48 2015
"M" 2.651 237 2015
"F" 0.544 275 2015
"F" 6.18 251 2015
"M" 0.427 237 2015
"M" 2.831 275 2015
"M" 21.814 69 2015
"F" 21.555 47 2015
"M" 43.587 55 2015
"F" 0.306 20 2015
"M" 53.885 73 2015
"M" 3.599 216 2015
"F" 0.477 214 2015
"M" 0.515 6 2015
"M" 0.084 212 2015
"F" 8.362 210 2015
"M" 2.208 133 2015
"M" 1.029 2 2015
"M" 2.36 133 2015
"M" 1.891 133 2015
"M" 0.556 236 2015
"F" 2.107 1 2015
"F" 2.033 132 2015
"M" 38.888 1 2015
"F" 0.458 266 2015
"M" 46.985 208 2015
"M" 0.276 208 2015
"M" 0.788 233 2015
"F" 0.877 260 2015
"F" 1.71 260 2015
"M" 32.65 125 2015
"M" 26.262 96 2015
"M" 39.745 96 2015
"M" 0.591 294 2012
"M" 16.26 239 2015
"F" 12.159 174 2015
"M" 7.558 172 2015
"M" 5.794 95 2015
"M" 6.529 172 2015
"F" 7.685 168 2015
"M" 11.835 88 2015
"M" 9.095 193 2015
"M" 10.088 88 2015
"F" 4.83 160 2015
"M" 1.939 502 2016
"F" 58.692 472 2016
"M" 17.316 454 2016
"F" 171.405 466 2016
"M" 20.803 253 2016
"M" 14.002 449 2016
"M" 32.306 427 2016
"F" 20.988 283 2012
"M" 1.028 434 2016
"F" 48.248 496 2016
"F" 19.676 498 2016
"M" 1.697 420 2016
"F" 37.712 450 2016
"M" 0.837 539 2016
"F" 52.184 266 2012
"F" 2.171 510 2016
"M" 0.291 527 2016
"F" 28.918 453 2016
"F" 19.532 506 2016
"F" 11.23 196 2016
"M" 1.217 408 2016
"M" 5.344 420 2016
"F" 1.251 174 2016
"F" 13.422 454 2016
"F" 7.066 445 2016
"F" 8.078 440 2016
"M" 8.389 400 2016
"M" 1.394 446 2016
"M" 0.862 434 2016
"M" 0.075 456 2016
"F" 2.792 395 2016
"F" 8.588 469 2016
"M" 1.586 448 2016
"M" 10.645 184 2012
"M" 3.188 371 2016
"F" 3.3 376 2016
"F" 2.327 433 2016
"F" 1.416 378 2016
"F" 15.519 171 2013
"M" 0.304 136 2016
"M" 0.579 154 2016
"F" 6.738 440 2016
"F" 3.342 398 2016
"M" 4.524 153 2016
"M" 23.022 112 2013
"M" 0.749 143 2016
"F" 0.377 441 2016
"F" 5.647 147 2016
"F" 0.188 146 2016
"F" 2.246 391 2016
"M" 1.541 146 2016
"F" 3.043 145 2016
"M" 0.861 363 2016
"M" 26.704 359 2016
"F" 0.498 422 2016
"F" 0.483 422 2016
"F" 30.64 140 2016
"F" 1.238 361 2016
"M" 0.01 496 2016
"M" 0.904 395 2016
"F" 0.608 348 2016
"F" 1.126 357 2016
"F" 0.753 130 2016
"M" 0.295 130 2016
"M" 0.01 500 2016
"F" 27.189 380 2016
"M" 0.712 497 2016
"F" 0.924 140 2016
"M" 0.99 84 2016
"M" 3.014 83 2016
"M" 2.933 319 2016
"M" 0.882 97 2016
"M" 1.25 95 2016
"F" 0.717 327 2016
"F" 1.1 98 2016
"F" 6.263 388 2016
"M" 4.634 90 2016
"M" 11.503 105 2016
"M" 2.632 90 2016
"M" 0.76 103 2016
"M" 2.462 108 2016
"M" 36.56 104 2016
"M" 1.399 108 2016
"M" 2.29 84 2016
"F" 1.329 104 2016
"F" 5.712 84 2016
"F" 0.1 103 2016
"F" 2.497 81 2016
"M" 13.306 80 2016
"F" 6.847 114 2016
"F" 10.071 302 2016
"M" 4.976 76 2016
"F" 2.944 297 2016
"M" 0.254 454 2016
"F" 46.113 307 2016
"M" 0.657 446 2016
"M" 57.113 434 2016
"F" 12.884 279 2016
"F" 2.599 408 2016
"F" 2.418 434 2016
"F" 37.246 336 2016
"F" 9.344 360 2016
"F" 0.784 292 2016
"F" 23.058 402 2016
"M" 0.126 422 2016
"F" 13.393 264 2016
"M" 1.43 45 2013
"F" 0.686 281 2016
"M" 1.437 415 2016
"M" 5.104 432 2016
"F" 0.306 86 2016
"M" 2.905 438 2016
"F" 0.214 433 2016
"F" 1.213 390 2016
"F" 11.492 411 2016
"M" 1.197 401 2016
"F" 0.197 424 2016
"M" 4.652 264 2016
"F" 5.625 357 2016
"M" 33.768 275 2016
"M" 0.235 376 2016
"F" 3.824 394 2016
"M" 36.984 375 2016
"F" 0.151 252 2016
"F" 3.094 36 2016
"F" 3.052 392 2016
"F" 2.792 364 2016
"M" 19.98 29 2016
"M" 5.129 381 2016
"F" 10.354 2 2017
"M" 4.098 187 2013
"M" 0.595 39 2013
"M" 0.637 39 2013
"M" 109.506 3 2013
"M" 0.115 241 2017
"M" 0.066 221 2017
"M" 52.029 118 2013
"F" 0.018 223 2017
"M" 2.905 222 2013
"F" 0.222 209 2017
"F" 0.521 201 2017
"M" 0.799 168 2017
"M" 0.231 187 2017
"M" 1.215 167 2017
"M" 54.479 593 2018
"M" 1.445 20 2013
"M" 21.896 581 2018
"M" 10.885 523 2018
"M" 21.575 568 2018
"M" 4.804 566 2018
"M" 23.753 503 2018
"F" 35.701 497 2018
"M" 9.132 536 2018
"F" 29.582 496 2018
"M" 1.109 488 2018
"F" 28.009 488 2018
"M" 0.492 535 2018
"M" 2.461 528 2018
"F" 4.554 524 2018
"F" 70.304 539 2018
"F" 21.396 528 2018
"M" 0.126 522 2018
"M" 0.512 534 2018
"F" 2.014 525 2018
"F" 37.417 510 2018
"M" 1.963 531 2018
"F" 5.679 470 2018
"M" 4.086 530 2018
"M" 0.586 533 2018
"M" 13.482 531 2018
"M" 1.813 521 2018
"F" 11.193 617 2018
"F" 8.587 612 2018
"M" 0.568 615 2018
"F" 0.085 611 2018
"F" 37.109 611 2018
"F" 10.456 608 2018
"M" 0.54 610 2018
"F" 5.667 605 2018
"M" 0.581 606 2018
"M" 0.973 602 2018
"F" 0.847 605 2018
"F" 0.119 617 2018
"M" 6.902 609 2018
"F" 1.802 600 2018
"M" 0.1 600 2018
"M" 0.238 603 2018
"M" 0.105 599 2018
"M" 3.784 599 2018
"F" 1.732 599 2018
"M" 0.326 602 2018
"M" 3.393 605 2018
"F" 0.582 603 2018
"F" 0.893 597 2018
"F" 25.465 600 2018
"F" 5.512 594 2018
"M" 4.271 600 2018
"M" 1.212 594 2018
"F" 9.055 594 2018
"M" 0.024 591 2018
"M" 5.057 600 2018
"M" 0.772 589 2018
"M" 1.042 586 2018
"F" 0.51 585 2018
"M" 0.967 592 2018
"M" 0.686 588 2018
"M" 0.827 586 2018
"F" 0.859 583 2018
"M" 1.7 580 2018
"F" 1.63 583 2018
"F" 0.198 580 2018
"M" 0.349 583 2018
"F" 0.029 582 2018
"M" 0.258 588 2018
"M" 0.573 587 2018
"M" 2.652 578 2018
"M" 0.199 579 2018
"F" 3.313 539 2018
"M" 0.584 524 2018
"M" 0.835 539 2018
"M" 21.171 518 2018
"M" 0.016 520 2018
"F" 0.714 518 2018
"M" 0.711 520 2018
"F" 0.709 524 2018
"F" 14.458 523 2018
"M" 6.61 530 2018
"F" 1.214 517 2018
"F" 2.409 526 2018
"M" 1.2 522 2018
"F" 0.641 521 2018
"F" 2.924 516 2018
"F" 0.266 528 2018
"M" 0.11 515 2018
"M" 0.787 124 2013
"M" 0.5 511 2018
"M" 2.947 516 2018
"F" 0.081 510 2018
"M" 0.865 515 2018
"M" 0.959 522 2018
"M" 0.138 509 2018
"F" 0.386 505 2018
"F" 22.107 510 2018
"M" 3.988 514 2018
"F" 3.461 503 2018
"F" 0.516 513 2018
"M" 1.232 504 2018
"F" 3.375 508 2018
"M" 1.103 508 2018
"M" 0.255 507 2018
"M" 2.916 514 2018
"F" 0.954 503 2018
"M" 0.568 507 2018
"M" 1.262 514 2018
"F" 0.973 516 2018
"M" 0.115 513 2018
"M" 2.841 509 2018
"F" 0.098 509 2018
"M" 0.142 516 2018
"F" 2.348 509 2018
"M" 22.78 142 2013
"M" 0.462 512 2018
"M" 0.169 505 2018
"F" 0.49 511 2018
"F" 0.519 511 2018
"F" 0.71 511 2018
"M" 0.776 575 2018
"M" 1.159 575 2018
"M" 0.547 576 2018
"M" 6.889 583 2018
"M" 3.392 581 2018
"M" 3.065 580 2018
"F" 6.032 583 2018
"M" 1.298 574 2018
"M" 8.773 580 2018
"M" 3.958 576 2018
"M" 1.408 575 2018
"M" 3.379 581 2018
"F" 0.042 574 2018
"M" 1.151 578 2018
"F" 3.74 580 2018
"M" 0.844 580 2018
"F" 11.909 577 2018
"M" 29.902 570 2018
"M" 0.481 568 2018
"M" 0.593 574 2018
"M" 4.783 25 2013
"F" 7.269 538 2018
"F" 0.225 569 2018
"M" 0.641 562 2018
"M" 0.187 573 2018
"F" 0.03 567 2018
"F" 6.485 567 2018
"M" 2.352 9 2013
"M" 2.306 551 2018
"F" 1.816 566 2018
"F" 19.021 552 2018
"M" 0.101 561 2018
"F" 1.271 569 2018
"F" 0.6 560 2018
"F" 20.035 562 2018
"F" 1.662 565 2018
"M" 1.522 546 2018
"F" 0.645 564 2018
"M" 30.022 560 2018
"M" 0.085 567 2018
"M" 2.821 565 2018
"M" 0.953 556 2018
"F" 22.527 559 2018
"M" 0.026 554 2018
"F" 8.006 538 2018
"M" 1.246 553 2018
"F" 0.25 551 2018
"M" 3.838 546 2018
"M" 2.978 552 2018
"M" 0.224 538 2018
"F" 1.623 549 2018
"F" 1.291 546 2018
"F" 0.181 488 2018
"F" 0.024 482 2018
"M" 0.307 496 2018
"F" 4.126 496 2018
"M" 1.877 495 2018
"M" 0.242 479 2018
"F" 7.396 494 2018
"F" 0.398 475 2018
"F" 0.554 475 2018
"F" 16.224 481 2018
"F" 13.123 474 2018
"F" 0.62 480 2018
"M" 0.342 480 2018
"M" 20.815 473 2018
"M" 0.095 487 2018
"M" 17.484 473 2018
"M" 1.388 487 2018
"M" 6.596 473 2018
"M" 28.842 472 2018
"M" 7.425 480 2018
"F" 0.545 487 2018
"M" 5.526 487 2018
"F" 22.807 469 2018
"F" 1.2 478 2018
"F" 0.53 489 2018
"M" 0.133 477 2018
"M" 0.361 487 2018
"F" 0.216 1573 2013
"F" 0.955 466 2018
"F" 0.176 466 2018
"F" 18.09 475 2018
"F" 0.274 467 2018
"M" 6.961 470 2018
"F" 9.889 475 2018
"F" 2.955 460 2018
"M" 0.06 474 2018
"F" 4.253 479 2018
"M" 0.276 479 2018
"M" 5.383 459 2018
"M" 3.362 451 2018
"F" 1.545 467 2018
"M" 15.872 466 2018
"M" 16.653 469 2018
"M" 0.839 468 2018
"M" 4.014 458 2018
"F" 16.919 472 2018
"F" 36.001 459 2018
"F" 1.485 457 2018
"M" 1.616 453 2018
"F" 6.104 457 2018
"F" 0.367 467 2018
"M" 0.202 467 2018
"M" 32.226 452 2018
"M" 48.815 455 2018
"M" 2.981 455 2018
"F" 32.36 448 2018
"F" 8.337 450 2018
"F" 1.665 440 2018
"M" 0.862 441 2018
"F" 48.246 3 2013
"M" 72.028 441 2018
"F" 4.458 432 2018
"F" 3.601 3 2013
"M" 40.573 1 2013
"M" 1.095 500 2013
"F" 0.352 318 2013
"F" 4.335 4 2013
"F" 10.17 151 2013
"F" 113.58 159 2013
"M" 139.807 152 2013
"F" 12.936 1321 2013
"M" 5.058 152 2013
"M" 5.469 160 2013
"M" 3.572 160 2013
"F" 5.139 1462 2013
"M" 0.522 1322 2013
"F" 6.253 295 2013
"M" 201.17 154 2013
"M" 5.609 296 2013
"M" 6.423 17 2014
"M" 2 224 2014
"M" 11.328 5 2014
"M" 1.566 1 2014
"M" 2.152 5 2014
"F" 0.83 5 2014
"M" 4.4 7 2014
"F" 0.803 186 2014
"M" 2.816 189 2014
"F" 54.035 230 2014
"M" 2.741 5 2014
"F" 6.421 5 2014
"M" 0.894 7 2014
"F" 0.925 5 2014
"M" 7.14 2 2014
"F" 18.141 1 2014
"F" 34.39 23 2014
"F" 20.388 11 2014
"F" 7.051 218 2014
"M" 2.771 11 2014
"M" 3.001 13 2014
"M" 9.628 118 2014
"M" 5.99 364 2014
"M" 11.464 164 2014
"M" 2.369 52 2014
"F" 11.572 1040 2014
"F" 4.64 167 2014
"M" 4 153 2014
"F" 1.664 119 2014
"M" 1.382 168 2014
"M" 0.848 13 2014
"M" 9.62 13 2014
"F" 2.802 13 2014
"F" 4.495 13 2014
"F" 0.18 150 2014
"F" 0.674 105 2014
"F" 1.523 97 2014
"F" 12.299 70 2014
"M" 3.662 84 2014
"M" 11.512 70 2014
"F" 11.925 70 2014
"F" 2.1333 91 2014
"M" 5.685 99 2014
"M" 0.81 12 2014
"F" 10.388 91 2014
"F" 17.334 82 2014
"M" 11.464 56 2014
"F" 4.357 58 2014
"F" 5.05 62 2014
"M" 1.448 979 2014
"M" 0.86 979 2014
"M" 7.713 985 2014
"M" 10.249 1056 2014
"M" 11.123 1102 2014
"F" 15.633 74 2014
"M" 12.518 93 2014
"F" 3.124 100 2014
"F" 20.972 65 2014
"M" 4.403 43 2014
"M" 23.44 45 2014
"F" 4.264 45 2014
"F" 66.331 91 2014
"F" 9.846 91 2014
"F" 23.088 91 2014
"M" 22.077 13 2014
"F" 4.952 18 2014
"M" 4.445 11 2014
"M" 5.641 13 2014
"M" 6.686 18 2014
"M" 5.848 89 2014
"M" 3.392 138 2014
"M" 20.601 91 2014
"F" 14.368 312 2014
"M" 12.848 89 2014
"F" 11.273 84 2014
"M" 20.995 84 2014
"F" 14.579 83 2014
"M" 11.617 61 2014
"M" 14.39 73 2014
"M" 11.546 3 2014
"F" 80.112 11 2015
"M" 51.726 427 2015
"F" 150.678 10 2015
"M" 1.29 14 2015
"M" 48.255 46 2015
"M" 5.831 179 2015
"F" 47 25 2015
"M" 18.885 10 2015
"F" 10.825 6 2015
"F" 16.013 6 2015
"M" 1.045 41 2015
"F" 40.615 6 2015
"M" 24.051 6 2015
"F" 15.02 42 2015
"F" 28.4 6 2015
"M" 15.464 42 2015
"M" 0.622 101 2015
"M" 0.059 29 2015
"M" 0.971 5 2015
"M" 5.972 11 2015
"M" 19.579 4 2015
"F" 65.241 230 2015
"M" 30.853 62 2015
"M" 2.792 27 2015
"F" 6.623 21 2015
"M" 0.816 21 2015
"M" 1.398 6 2015
"M" 1.702 72 2015
"F" 0.802 18 2015
"M" 2.103 34 2015
"M" 2.23 26 2015
"M" 16.567 343 2012
"F" 8.223 549 2015
"F" 13.522 123 2015
"M" 1.357 31 2015
"M" 3.193 54 2015
"M" 12.366 24 2015
"M" 1.469 25 2015
"F" 3.216 846 2015
"M" 1.139 61 2015
"M" 0.435 117 2015
"F" 6.07 10 2015
"M" 0.765 10 2015
"F" 5.408 10 2015
"M" 5.761 17 2015
"M" 1.355 11 2015
"M" 2.685 3 2015
"F" 4.397 34 2015
"M" 0.281 4 2015
"M" 0.638 110 2015
"M" 1.896 19 2015
"M" 5.154 11 2015
"F" 3.877 3 2015
"M" 4.044 263 2015
"M" 8.034 33 2015
"F" 0.701 80 2015
"F" 14.154 3 2015
"M" 1.285 77 2015
"M" 0.761 1 2015
"M" 0.749 1 2015
"M" 0.625 34 2015
"M" 4.545 12 2015
"F" 0.246 257 2015
"M" 1.036 12 2015
"M" 0.681 42 2015
"M" 0.809 73 2015
"F" 0.211 130 2015
"M" 5.761 124 2015
"M" 0.211 132 2015
"F" 0.175 522 2015
"F" 54.756 1 2015
"F" 2.067 21 2015
"F" 0.546 124 2015
"F" 0.473 836 2015
"M" 8.518 249 2015
"F" 0.303 249 2015
"M" 1.568 249 2015
"F" 0.638 248 2015
"M" 0.999 20 2015
"M" 2.723 14 2015
"F" 2.489 244 2015
"M" 1.914 63 2015
"M" 0.55 77 2015
"F" 1.313 244 2015
"F" 3.151 15 2015
"F" 5.498 243 2015
"F" 2.199 125 2015
"M" 0.95 242 2015
"M" 4.246 242 2015
"F" 20.622 571 2015
"M" 0.434 33 2015
"M" 2.127 130 2015
"M" 4.928 32 2015
"M" 0.636 117 2015
"M" 2.176 33 2015
"M" 6.17 242 2015
"M" 2.701 12 2015
"M" 1.346 19 2015
"F" 1.272 242 2015
"F" 2.034 5 2015
"M" 1.484 3 2015
"F" 2.609 5 2015
"M" 0.514 237 2015
"F" 3.933 237 2015
"F" 0.433 237 2015
"F" 0.403 237 2015
"F" 0.496 237 2015
"M" 0.393 237 2015
"F" 3.288 236 2015
